$ANSIBLE_VAULT;1.1;AES256
64323634313764303663633435646533613137306566643836376462316335616436303161333636
3764623139636463393865363461346238333831376463650a343762343434633364336438663962
66326235626366373462313534376264626161366430323335373130326135646265353238323832
6364653438386630370a323134343664636537623663623939323639323734643636656534643561
63656239393639613664656236343563636266306338626637326331393463343833633465326163
38316232626231643833653336616164656538663739363964316434336130343338353563343130
39613937363432616133363262343034623265613839613939666262353864623232626334326138
39363563633365376239353035386237393265363663386561636235306630633133313732336131
34396163366165386238316334303931336633656234643463656436613765306431376263633332
64346363613036303261316666623733643164376136623063663837333236616330623864323463
63326138373462393030383863653137636566313764363665313933356639633762323936333837
64303735313731643839393031653135303835613561663339666530623062326161323061623839
61306331346139623266336366363064313932653738316332623239313764393763333632376632
38623266646539636565616238363830366364383232633561616464633363396631373365343566
39663537633662333732643534333332633739376339623830353736653637653064333834353238
34336537643537636230316437353536643664336235386463373930643731633034633962336630
34366339333835643566666365386162326539373631313561333838343437363064623233623330
65323062333935613036396331363037646161343431376232336465323563663162346330646562
62656361313562383033623363343133616639646566633433386233656239636362303665313833
66366533303137356233313331626666313235336265613333663863636664656232613164343535
39336136623063386533643364336132343865616239636135663934623564353262363064396466
62353234623138633466653663616465623930373934613064343638333764383333336330633830
38353965653465313766663564303931643630393165346139376432353866316431623863373234
34343934633436643861363839646362366438383130396663613666303466396665636237653566
31346631666166313631343738343331666333383236633235656662643338333465363439373466
31306539626335616136393132613933386364666338373562616663653861386264623235303366
38303066653935616237363236323163653465376365373661376337353665313630656461653237
62393338396364633465313837393731356139356361306364323337336361663838373433383263
30623164623237323531653337336461616464663764353265633834373064333933373939653463
36376265303732636131666533643832386566396431653534323864633837646665653562396531
37343864643834386630373233643364353364316562383239376163346666643032353564623463
38303163663538626163363461656132356638636262626230353862356636393038333237373639
32623237383731306264646564653533353861666636363434626437356264393634626437636563
64393130323966666335343332336561323566346331323635363363613234323365663364623333
34653565623335663135323831616635626537666336623463393937333830353133623235316165
30626664356637663566313836656233626263666461393530363234643261333133343563383031
33383335616338633334303037613464393665336332343064383535313130383237346365326365
31663565616631626465613963373638313434623630666266356563633865663138383339653033
38326662386634356233373535383730646266316562356339306131303562336236316165663562
30313962363436616664323462643134646263666463333166396334386336636364393535353738
37653537646561666639633565353334386539303665613464643139383635626632343639393262
32396332393138396162316262306136326431666636316465373562373133393165633765386237
61626439393832646464663062373362383239383830386332663863303461343835363737356633
61663038643236303632336462633165343137363733366138376233346138333261633731343130
65616337623934333137643134393466623831333365303063653162636333633061346232326539
39656166623839643632653464376235343839366330303263636130346534656336303164653765
32636363323736393734316233356166353436343634306238343038353864353733323461383136
38376563363539346130376334616338613135393663353465313435303731383338313539656435
63333638313262646363663436396462656533363630303030386633393937366534653031343664
61383966306433313431653537326361633138303665623530326363663465663162643535346230
30343536383535396166633336303062633537366462613635306666393638326230353763386438
64646438386362386136636265653036363965613162633632323634356463623762313338623465
32376635393562363830653839626336616562393031636536326262373236313063353834323139
35303561356365633038386365643065303732356230336435316138643565396462333636303935
33343232316333316338353065373661303965633761336233636435323866346331363361623939
36326463373636373834616131376562623135646430663836393765333662313766623539663963
66306338653735323061356534383733343432326365323261653364306330613330363236333732
35353039643034633566313232323164303866326134356561323130386237356537623933396561
66396136336561393766313663393561363565666630346334366336343634306661323865363439
63333835353966393865626436313531373338366366323935613166366663373139356435613038
62356164336637336230373132303461613966356630666534306238653230356563333337663931
63646630653439353765303966303263323235636366333135623761316631373662393766376430
63396637356337303962386366623062373633663663373262353936653433363433383064363537
37316631326363653265613133616431336363373731316466646432623066623338333466333432
61323432616636373230306330613439373838376661623766366438326437353232373431366230
38643165663933663265313033393232323462636238353536393562646166343233663139383361
35663736306362613639376335303863353262373365313965613162353566623165313363366262
64663162653333393236376564383934363536363934626365636535333139373964323966656263
37633633386164383862323635363666643930653563623035383638353162633063303938643935
3831366430356461646236376339646363643132343565643865
